[3.22184719e-01 9.20527769e-02 9.51212028e-01 6.29027309e-01
 2.37035901e+01 6.32095735e+00 3.06842590e-02 4.03804848e+01
 3.23718932e+00 2.43326174e+01]
[2.33525701e+00 9.39471212e-02 4.25446249e+00 5.27714401e+01
 0.00000000e+00 2.38491478e+01 3.35525433e-01 4.02630519e-02
 1.51657496e+01 1.15420749e+00]
[6.45085620e+00 2.58034248e-01 3.75322543e+00 2.72108844e+00
 3.65939479e+00 1.12831339e+01 7.02556885e+01 4.69153179e-02
 1.43091719e+00 1.40745954e-01]
[ 0.3502627   0.21891419 91.92206655  4.70665499  0.37215412  0.13134851
  0.37215412  0.70052539  1.05078809  0.17513135]
[ 0.41896782  0.11426395  3.35174253  1.94248715 42.01104552  4.79908589
  0.81889164 12.9499143   2.53285089 31.06075033]
[9.34233299e+01 0.00000000e+00 3.46140533e-01 4.84596746e-01
 6.92281066e-02 1.93838699e+00 1.34994808e+00 2.76912426e-01
 1.21149187e+00 8.99965386e-01]
[83.01761383  0.          2.99102692  3.48953141  0.36556996  5.78265204
  2.65869059  0.36556996  0.86407444  0.46527085]
[ 3.9904502   0.10231924  2.11459754  0.61391542  3.20600273  1.29604366
 87.10777626  0.10231924  1.19372442  0.2728513 ]
[ 1.14049587  0.14876033  2.6446281  17.32231405  0.11570248 20.85950413
  0.19834711  0.1322314  56.80991736  0.62809917]
[ 0.28044872 59.95592949  7.39182692  1.66266026  3.90625    12.05929487
  1.68269231  4.48717949  7.17147436  1.40224359]
[2.46055869e-01 1.30264872e-01 6.22376610e-01 1.83818208e+00
 2.20871327e+01 3.58952091e+00 2.89477493e-02 3.54465190e+01
 1.99739470e+00 3.40136054e+01]
[1.93498452e-02 7.13622291e+01 5.99845201e+00 6.38544892e+00
 1.60603715e+00 2.18653251e+00 1.25773994e+00 4.12151703e+00
 4.62461300e+00 2.43808050e+00]
