[ 0.1010101   0.          1.11111111  0.80808081 25.75757576  7.87878788
  0.         39.8989899   2.42424242 22.02020202]
[ 3.60631104  0.22539444  4.43275733 52.89256198  0.         22.76483847
  0.15026296  0.         15.40195342  0.52592036]
[ 7.95847751  0.51903114  4.15224913  2.07612457  5.53633218 10.55363322
 66.78200692  0.17301038  2.07612457  0.17301038]
[ 0.25873221  0.         91.07373868  5.30401035  0.25873221  0.25873221
  0.25873221  1.42302717  0.90556274  0.25873221]
[ 0.23640662  0.          3.42789598  1.06382979 43.73522459  3.78250591
  1.41843972 11.34751773  2.12765957 32.86052009]
[93.3481153   0.          0.66518847  0.22172949  0.          1.77383592
  2.43902439  0.          1.33037694  0.22172949]
[81.14285714  0.          3.80952381  2.47619048  0.19047619  5.52380952
  2.47619048  0.19047619  2.0952381   2.0952381 ]
[ 3.82608696  0.          1.39130435  0.34782609  2.26086957  1.2173913
 89.56521739  0.          0.86956522  0.52173913]
[ 0.68627451  0.09803922  2.94117647 13.92156863  0.         23.7254902
  0.          0.09803922 57.64705882  0.88235294]
[ 0.39473684 61.97368421 11.84210526  0.78947368  2.89473684  9.47368421
  1.05263158  6.05263158  4.60526316  0.92105263]
[ 0.15772871  0.          0.70977918  1.10410095 21.37223975  3.07570978
  0.23659306 34.85804416  2.60252366 35.88328076]
[ 0.         74.40543601  5.09626274  6.56851642  1.81200453  2.15175538
  0.6795017   3.96375991  3.39750849  1.92525481]
